16.01659393310547
16.01659393310547
16.01659393310547
16.033260345458984
16.033260345458984
16.033260345458984
16.0499267578125
16.0499267578125
16.0499267578125
16.0499267578125
16.066593170166016
16.066593170166016
16.066593170166016
16.08325958251953
16.08325958251953
16.08325958251953
16.099925994873047
16.099925994873047
16.099925994873047
16.099925994873047
16.116592407226562
16.116592407226562
16.116592407226562
16.133258819580078
16.133258819580078
16.133258819580078
16.149925231933594
16.149925231933594
16.149925231933594
16.149925231933594
16.16659164428711
16.16659164428711
16.16659164428711
16.183258056640625
16.183258056640625
16.183258056640625
16.19992446899414
16.19992446899414
16.19992446899414
16.19992446899414
16.216590881347656
16.216590881347656
16.216590881347656
16.233257293701172
16.233257293701172
16.233257293701172
16.249923706054688
16.249923706054688
16.249923706054688
16.249923706054688
16.266590118408203
16.266590118408203
16.266590118408203
16.28325653076172
16.28325653076172
16.28325653076172
16.299922943115234
16.299922943115234
16.299922943115234
16.299922943115234
16.31658935546875
16.31658935546875
16.31658935546875
16.333255767822266
16.333255767822266
16.333255767822266
16.34992218017578
16.34992218017578
16.34992218017578
16.34992218017578
16.366588592529297
16.366588592529297
16.366588592529297
16.383255004882812
16.383255004882812
16.383255004882812
16.399921417236328
16.399921417236328
16.399921417236328
16.399921417236328
16.416587829589844
16.416587829589844
16.416587829589844
16.43325424194336
16.43325424194336
16.43325424194336
16.449920654296875
16.449920654296875
16.449920654296875
16.449920654296875
16.46658706665039
16.46658706665039
16.46658706665039
16.483253479003906
16.483253479003906
16.483253479003906
16.499919891357422
16.499919891357422
16.499919891357422
16.499919891357422
16.516586303710938
16.516586303710938
16.516586303710938
16.533252716064453
16.533252716064453
16.533252716064453
16.54991912841797
16.54991912841797
16.54991912841797
16.54991912841797
16.566585540771484
16.566585540771484
16.566585540771484
16.583251953125
16.583251953125
16.583251953125
16.599918365478516
16.599918365478516
16.599918365478516
16.599918365478516
16.61658477783203
16.61658477783203
16.61658477783203
16.633251190185547
16.633251190185547
16.633251190185547
16.649917602539062
16.649917602539062
16.649917602539062
16.649917602539062
16.666584014892578
16.666584014892578
16.666584014892578
16.683250427246094
16.683250427246094
16.683250427246094
16.69991683959961
16.69991683959961
16.69991683959961
16.69991683959961
16.716583251953125
16.716583251953125
16.716583251953125
16.73324966430664
16.73324966430664
16.73324966430664
16.749916076660156
16.749916076660156
16.749916076660156
16.749916076660156
16.766582489013672
16.766582489013672
16.766582489013672
16.783248901367188
16.783248901367188
16.783248901367188
16.799915313720703
16.799915313720703
16.799915313720703
16.799915313720703
16.81658172607422
16.81658172607422
16.81658172607422
16.833248138427734
16.833248138427734
16.833248138427734
16.84991455078125
16.84991455078125
16.84991455078125
16.84991455078125
16.866580963134766
16.866580963134766
16.866580963134766
16.88324737548828
16.88324737548828
16.88324737548828
16.899913787841797
16.899913787841797
16.899913787841797
16.899913787841797
16.916580200195312
16.916580200195312
16.916580200195312
16.933246612548828
16.933246612548828
16.933246612548828
16.949913024902344
16.949913024902344
16.949913024902344
16.949913024902344
16.96657943725586
16.96657943725586
16.96657943725586
16.983245849609375
16.983245849609375
16.983245849609375
16.99991226196289
16.99991226196289
16.99991226196289
16.99991226196289
